20 168
9 15
8 2
17 16
18 17
7 10
15 2
17 9
17 2
11 19
13 5
16 9
9 3
3 19
13 8
16 13
19 0
17 14
8 7
13 1
6 15
3 13
12 2
11 8
13 11
8 16
7 19
12 3
2 16
9 8
12 15
12 1
10 4
11 0
14 12
10 12
10 2
13 10
8 12
13 0
19 14
17 13
14 15
0 17
14 5
6 7
11 14
5 11
14 13
11 7
16 6
2 11
5 10
19 8
3 14
4 17
11 9
5 18
19 5
6 18
3 5
4 11
6 11
7 15
16 5
3 6
0 5
17 15
17 5
17 1
9 0
16 1
19 17
6 5
6 17
12 18
10 8
6 12
18 0
4 3
12 17
10 9
1 15
19 4
16 10
0 2
13 15
7 16
18 13
8 1
18 15
18 8
10 6
2 7
12 11
3 1
4 15
7 0
2 13
0 6
12 13
6 2
7 14
1 0
1 7
0 3
1 19
12 5
14 6
11 15
14 18
15 19
8 3
4 14
5 15
18 19
4 0
6 9
4 16
2 19
4 13
5 9
0 12
10 18
7 12
18 1
13 19
14 2
5 7
4 5
7 17
17 11
1 10
6 19
8 15
2 5
1 2
7 13
17 8
15 16
3 11
17 10
4 6
7 9
9 2
10 19
8 14
1 9
14 9
2 4
9 18
18 16
8 4
10 3
3 18
6 8
6 1
12 4
0 14
15 10
12 9
13 9
14 10
18 4
11 10
8 0
19 12
16 14
19 16
