10 100 10
1881338
732176 308973
1407887 280960
1966939 1114397 1941625
638817 299903 1477261
673682 1619418 1521585
819551 1870923 349409 1965566
754807 200708 45059 402126
1696538 1564461 1448912 732176
803293 1994509 1690562 1680008
1314610 1271364 805284 1454588 831133
729607 144331 27247 1266209 727411
885049 1357840 853752 1388659 1049044
931800 110850 1934042 1002472 185684
333209 769961 1104802 1334738 1220903
998215 547810 403222 848620 1417611 557331
1955058 1861554 25492 638523 644793 1218993
103893 885626 1461762 903191 110402 953606
611153 912338 1693860 1897966 1791139 1004891
1208719 625819 231662 495784 855007 589340
694471 765324 139685 568412 886162 1180655
390296 1321721 1600650 1161522 688333 25778 233990
1734299 198440 847823 978375 1940178 328750 1464946
1723784 202983 1422280 1950132 1645428 1592398 1705911
1524795 1448110 92927 1641395 1800730 725970 1030123
1965566 699275 1627638 1930829 654545 374937 763851
1321224 163345 1529825 1943445 1881338 1104802 1015985
418671 1298151 1236997 1983133 1032261 231662 1673056
777206 799889 1347020 1332806 1650684 576249 1016416 344269
959324 1305853 715579 803173 1973369 1135512 1049044 1312785
1426892 336214 1453601 1927124 694471 1721252 1218993 1164357
1140758 1247087 1958757 784369 1505329 110402 896400 1978041
855369 980173 1436773 913412 460192 1356591 16028 1467637
1328552 208857 1713406 1727270 1600213 880415 1195875 1805682
415908 1043521 886162 572464 72844 1978041 1131759 877540
1947069 45059 1897773 1088576 894257 374937 725970 1047076
373350 463140 1045300 715421 1248572 1536965 1321224 1464946 1004891
1896682 1194359 192527 1489625 599850 1449044 274535 475242 1480371
951715 205150 1136238 1634030 402365 1838655 1445035 400749 728817
132737 300013 647466 1062323 1239290 343860 1060970 1966710 890908
935258 1235097 854390 537926 1783240 844209 670067 1435299 93455
792603 616413 1288901 351652 1712212 1728239 1487377 138302 1043521
1610600 1032320 767212 345574 1419547 1456432 1075087 1456432 1016416
1477261 1236997 233990 1647246 1785547 625384 656493 1706652 25385
1232802 848620 1477100 1135512 1054393 447158 903191 1958849 1629481
979635 229718 1481381 721395 1686548 851102 1054393 625384 1966710 1690646
600059 913860 96394 669020 1674476 496531 1730003 1874334 1705911 1174339
439362 1692607 1387676 1262916 1508363 1696291 1265546 1401316 1758588 1706652
973706 1914593 201676 42143 411882 333209 520180 1947069 1171819 1432517
248881 658031 1146461 632865 201019 721198 135571 1421884 134573 402056
546045 659128 750727 144463 1382013 52079 954220 1356275 1134233 1447256
627527 269728 1078496 551544 1176723 1480371 1069822 1376349 447158 1643517
328750 1208719 85806 1040026 912652 25385 1897773 344269 1298151 544841
1331323 1645428 843402 1047076 589340 1180655 877540 509419 1242412 104267
1454588 1612613 1814876 449840 1388659 680508 343860 656493 847136 522683
