15 225 10
1211345
773066 353843
859970 1024203
1606050 1488440 1465808
1552525 1001702 1220347
518246 674588 1855755
741806 918523 800620 1220555
1525874 901382 321058 1200421
1302769 1409578 303534 963343
1569566 1918649 291708 750826
1286276 347883 1969507 116018 1574323
748824 1370098 1977969 1451888 723601
949166 1641384 228324 1039703 755216
1816010 1674489 950881 1934193 1448639
667662 1072227 392296 72225 317059
1687287 1755285 658020 138466 430290 292360
1473721 256768 80316 1764946 1672471 710555
180142 986847 1211345 679338 534852 1265092
1105416 1794015 1018605 1802485 1269059 1621884
224304 59508 413700 804930 1026562 573024
1790215 413700 909714 128092 1890252 811247
1778081 139505 1488440 1514987 224304 668015 69684
240050 1795483 389934 1373787 364245 1701920 396625
597680 291784 1933324 1659836 1897266 377117 907951
82944 801144 1367620 329930 1968409 764931 354453
1043125 610082 1623120 441104 1033092 1623120 1409578
128092 1982679 72760 340053 1859758 859136 1859758
406778 270694 685796 771256 988533 326926 1262189
705381 1149701 413882 1337750 578147 1794572 702831 1451888
1923411 1322087 20195 1661416 1315913 798989 554446 328549
1782773 117944 328549 153735 243711 971914 893250 492578
1128398 717368 284467 1589718 570272 1327770 151780 1989716
612262 461469 26669 948572 1026292 956461 1991686 1036319
1183837 400736 311812 909857 131989 764931 1034129 1668516
1840644 1040291 1073069 626695 1846443 1467420 1351974 111968
43132 1524642 1591886 1159377 731510 1872233 103867 42995
37811 1530499 1597482 692628 204256 686945 1455422 1087790 1073069
605512 1420239 829139 459170 1606525 688524 29129 1651403 844199
1021505 826239 1183150 978462 491510 354453 1633812 339973 794850
739227 1484285 1388167 1493830 1346906 1634356 870104 1855755 44594
306157 1457949 454071 203279 1447046 620524 1008647 1594017 28864
1509314 1927929 503730 257460 1448639 1894926 1954371 1429997 126194
150898 353843 1936804 1129996 705885 1883506 291191 680969 1868210
1373237 839824 1330106 1171273 723436 1803701 1680219 545702 1062019
1164506 493475 1026562 1606050 1319421 34885 1512215 1182468 1314496
370757 1328726 1069173 402095 1558478 1606094 702053 1404845 1306037 427791
1250870 445701 1863655 397989 856474 1782235 1484129 1856221 208217 1628721
285846 1377300 1410981 681341 705402 1419106 1353048 1538135 609445 922076
1952344 1580695 659622 565079 429580 1329257 146697 151760 768337 26669
270182 1067897 1625072 836051 762132 804306 1242813 1219767 751867 1722456
284467 1169996 1808878 804268 1087927 1331487 1320427 600522 1528300 1321052
1661841 413882 1532816 1651403 779596 496789 296557 140992 980709 1331487
317170 1315450 981409 1206906 627760 578147 522959 1789774 1538998 1756407
1784215 119054 1182468 133949 1790215 704630 705126 1321052 1572701 83353
152368 1793630 1816010 912655 575682 910452 1489172 173060 430290 214325
1510941 1067831 1633849 848691 51930 1908406 1357648 197824 173917 1690805 1163472
1818605 1030369 260244 663117 118085 1188922 319391 1240245 1134072 1062019 1378254
384465 812775 753557 439580 361654 805561 630184 1690270 723601 84331 1240245
274934 651132 1872233 695133 1749505 806695 552024 232968 872890 1265092 1919423
758958 1544186 1944506 1991696 98519 1043992 1621046 694878 493475 103867 895016
1411820 951231 1523041 723125 1148377 1087790 10820 1373237 1348427 138602 193985
215679 242787 996390 305743 1978129 28422 64295 287329 512171 896139 1405964
1957924 1811970 846275 1574809 752123 971914 606369 1493600 1556662 670194 1436562
954649 530821 733602 1786677 371106 913130 214065 893695 202830 793746 1980134
176660 506838 1803266 1669513 959407 400736 379781 1574323 1721257 685098 810403
1226746 942137 1538998 661416 996966 1269059 800620 1382504 896139 1034129 1447101
1454923 52884 1826895 147550 343760 1756118 1486760 1174588 1062750 345896 650219 133949
779428 1351713 1268901 1876903 636893 708718 1919267 325012 1478636 1839393 151760 477066
782752 1980971 183921 1879279 1834100 266742 1363984 779552 1828101 1625590 1781060 1247684
619562 1671349 1104516 93126 1657272 1207563 1977883 981409 1398442 1778265 366540 1411564
858181 807101 994234 815540 22905 1732186 200950 372245 1673144 1274013 573393 678966
1442453 1075226 875974 1668827 1448474 326926 1229864 771256 1433408 1572701 1791064 557948
493185 590457 1517870 90383 1433467 34403 169968 238362 1226188 1927929 415432 1514652
1067688 1078185 1183837 606034 1133417 593168 1599427 346644 1270905 952599 131989 1821526
1499434 1699288 1463717 1933324 1798295 102367 392296 1314496 1580779 613069 112429 1672471
557948 497373 1129996 1693824 1738887 1711986 174503 662212 686712 434629 674588 740442
239793 846275 811247 667662 773506 1828101 794850 440082 800843 364245 744896 230264
1454705 1414766 1795386 1982679 704630 2547 340053 921788 288942 1860241 1896707 1145757
367287 1605736 478750 769382 708178 1239943 556155 615440 238955 738715 1191931 28864 856858
829971 1847137 469166 1768087 724538 1127725 1661896 1171815 1361462 1085516 1763156 343654 1912582
1646397 1667690 445098 1980444 82701 980619 832743 1417413 1682481 1413585 910452 872432 773506
785086 1478926 986791 1693476 1230723 1084935 597241 1411564 457815 1786677 1997058 1319421 1681719
248064 87531 1369204 1658560 1372213 47180 200268 1310615 72225 1006452 1294122 1335556 1304693
661959 1307393 1635845 1377660 1046732 879145 230140 1250221 954508 1969507 131687 685796 1803266
1616211 1362426 1659010 1419106 607314 158629 579153 1007287 1456146 361090 918409 1855825 333339
896322 839089 1351259 954997 1525480 998318 334929 1465502 1024898 1024882 804930 1695610 1411301
1985119 68731 1237803 1184561 1786253 1863969 1934894 1315913 173839 298993 1470601 173060 686712
1995336 586354 1436562 493433 1705102 1754884 408020 1883368 600522 711697 1827788 1907637 1680219
547361 775699 1367620 474636 649139 576930 1011558 53569 305743 1840644 1817468 1008260 1139953
1918649 645123 1018605 678966 810403 285248 1934894 390086 163367 817412 1999851 566651 1321238
1070451 1999851 1467420 658020 870104 232968 138602 980709 1855825 858829 69223 590457 950881
1329202 1878234 829742 694244 98780 1735300 50275 1010821 1398446 894102 1415123 1777967 996371 303534
57559 1324687 27465 919884 481574 1568928 1294912 601693 1858610 178480 1304693 999108 1000772 467027
1109034 1289840 1220583 85976 1174428 139693 1669887 1670713 1621884 789732 361090 1678023 230264 1174994
1944820 1573207 545410 1950711 983225 427562 354509 186958 1082718 503283 185280 1744132 1071901 1010975
1356198 1111663 1629361 261877 559987 14414 1085969 1727969 1351974 1497055 1851477 768337 1433417 1306037
1426233 1152180 1251009 533599 1810335 1496682 83579 1892456 1605886 377117 727583 1219613 1821526 759840
1536105 1766244 1041041 1092417 1197742 244101 1168228 1379745 1291767 805561 1231740 1415198 90178 1893630
1642503 1191715 934254 1873745 1585645 1250194 1684553 664872 1946759 1803610 573024 1594842 1071245 1177846
1393163 877464 520859 845697 691067 1038325 43132 1722456 218615 862476 1217936 475566 1458516 859136
720585 1936319 450323 359703 1258399 1230143 375116 1923884 1321528 1271451 1721773 1555765 1321238 267339
1001496 756380 1923884 245551 1169922 1384246 612295 1244445 1856221 996966 805712 950212 228324 800843
1869425 762219 534852 949571 1636110 694042 1378529 1206934 339855 1366299 1562307 273730 1139953 1803701
1454705 317059 90383 662212 496349 263530 291708 949571 1508797 1242511 1620305 811773 1465808 542092
828378 550513 1674489 1238009 119054 1985644 1335556 1267150 1740813 820777 263530 1883368 1508797 630952
1632744 421728 451179 296645 188837 234867 1888855 1378843 1677881 1951989 885085 117953 1475600 1868210 950212
694225 1986018 1087505 1672385 1961580 1485313 317255 1761247 476561 638381 1774039 1604790 517766 1029900 1682481
1916823 324624 1730173 988312 1815070 1449891 559673 1381880 659622 503596 1763156 1062753 1139173 1718797 626695
1179234 1755679 1608111 45469 1141556 710705 307812 364690 1349152 1567478 23812 1168504 1319211 1878596 1321528
1729041 1242875 675952 90849 1480854 1873610 404228 1398537 270694 1296917 1193916 1070451 942137 1569566 98427
1316062 1275494 790862 1520303 874706 342288 58027 1581067 237675 1778265 1311367 1875959 1433417 782696 202646
1020356 1103934 866296 1995549 1825777 1043939 106771 750262 1720668 34885 298937 1776514 20614 381369 496349
1174459 344798 1800943 21231 1091340 1767626 438515 69901 1808487 478078 610526 1591886 125195 1355222 1894926
58780 1681142 488614 245020 276373 1796565 151780 1219191 82249 6885 1149639 918849 893695 1512215 1781060
1289954 599739 974643 428790 601362 1698938 1411440 1890252 406778 370947 1861942 1750227 1429997 500907 842260
1357507 587649 773066 967429 1858897 543994 331796 1696875 477557 1316562 487993 1740813 811773 1673144 57260
1489488 518766 152368 44594 1524121 377795 594640 1769935 49738 1823694 1700118 1015181 1040291 1262189 1594842
1330106 572490 204847 1660303 1200421 1334709 723613 751867 1296413 98012 1476541 661416 663862 382978 1870795
1188271 1168233 1896707 927105 1668516 1120659 1989716 64302 1514652 412907 755216 1795386 1378254 1094506 1628721
1509314 609445 1458516 1695610 1388167 176660 705126 1428087 1203441 1815704 242787 214065 1604742 1721257 1008260
