20 400 10
1902026
1668731 596882
90676 1070029
200539 569223 193144
1629012 52684 1372299
1834235 328800 1139309
769229 1326937 1823732 1953166
873577 15897 172267 757238
250683 927492 10815 1523436
1787572 548833 1956805 493890
1575787 1154411 461577 1758422 1740306
1334748 1484676 1431158 160251 623851
927492 230185 282003 1514604 417605
268877 1306229 90676 1341933 1869092
1634453 568978 61472 465011 322146
667772 1395159 1680390 1066865 1780246 500142
691468 884218 1282482 1366339 57689 1158786
210532 790958 619481 1513450 21974 1347048
905057 46940 430507 1730135 140624 1359676
713770 1237823 572080 1503786 1051893 482860
1124477 507682 1875152 268386 826422 1445206
1087069 1858025 200567 981021 840837 1507722 268004
1278025 1000611 338923 934731 1310501 1027835 350147
631597 531568 1413124 585166 466624 1841653 1120964
1905946 1334926 1701849 944951 416901 1848485 1548850
300397 755515 1084580 1823732 569174 46803 1784462
628492 1120964 75775 130202 1953760 926691 342322
944458 981405 1330956 713770 1138367 1683630 1771030
1746073 986163 496367 871655 790048 360475 1088443 782185
611011 1653057 1163425 124175 422685 458198 1954746 1280141
1167943 718381 312006 366066 1685979 1685979 268004 1593632
160251 1061032 1964322 1353960 1169772 1099836 536915 1788556
1383433 483320 480446 958105 1197735 1071916 10266 1698108
1498434 977861 56256 1049113 444747 1312887 493890 1719102
1078350 874282 149418 61472 673719 294816 1273097 1489017
1203626 288541 1788596 1899417 46940 460781 295332 1629012
96393 378831 33066 1636088 559036 1993161 1456265 815251 319907
1617526 684179 332269 458152 912964 565297 1598187 1941760 1628812
963821 906261 272315 119625 1483806 1431951 1111937 336531 1836759
1787216 201958 1374403 1602290 1209712 1470867 52684 935965 423860
788920 1342080 211666 1255635 637999 1598909 1938281 1948769 516293
836349 193144 1928188 670892 1984256 332239 467933 1062296 746408
1022722 758396 91021 670892 1273510 1760115 1435042 1116144 1529044
1658480 368255 178630 905057 198653 993682 1980588 1751220 208960
1131263 466369 1751220 1172053 1211721 146799 289363 480446 888113
1432855 1877624 1615257 307957 437538 802199 1442396 237631 867861 940388
1732268 966392 1640278 231070 473926 577833 924188 496367 730904 688599
1402309 81623 427100 617275 788223 979116 1875152 1273471 11197 838677
1191029 1900111 1907350 279876 1704686 253674 1138116 1685442 1520466 1806695
1445015 1316532 1073466 1374185 1801061 254409 1434066 961518 500142 1078350
641894 540285 1042641 1152604 255910 259110 465011 327163 424082 368255
283736 426237 1675251 1615796 1103290 825552 1163158 1825232 1169339 1522495
1290289 936926 1021956 219129 426111 260779 1388171 1050125 304579 457867
806401 1246521 1317696 1324092 1634453 1828925 84410 1413946 583873 1872304
358732 330682 1444269 1554226 1495083 1083220 682704 1197646 449620 393787
282406 582004 210532 26065 704189 635248 1927365 580422 1365303 498260 1014105
533436 614653 103918 1324705 1271305 1432702 1265246 568978 332808 977861 110677
30003 1061731 862085 284804 1970485 1330956 1727445 69849 583873 1504447 1792640
248912 25691 717967 414991 1283041 867224 1494191 722886 1837064 1942315 1701849
707676 875590 1869474 679218 1988787 61696 1065227 391946 1615796 17956 909748
885081 687409 560539 1698009 341531 755705 819870 1808243 480598 1158786 491324
247876 1607161 414958 279714 1375181 1049475 861979 722659 1482684 1484483 565079
1365303 1683194 888113 398201 1970842 1650733 1712068 726014 1318460 198172 1484483
1834235 1973982 1365276 1859580 1558636 435517 958825 960082 981144 579402 1405581
736849 802342 993263 1816544 1061559 1219312 28452 1938186 229729 1506347 1955305
1506347 812310 1508489 873792 1942315 1043663 1707776 719520 1615257 1982779 1016912
304100 957860 115114 1031246 1417909 1060026 1919533 1863959 682704 687130 27046 1181877
785003 1121951 917606 1940896 553241 1312718 20871 178434 494355 1374185 1122074 446388
1652835 851463 759328 680650 427257 718983 1401128 34701 1444269 1776811 16382 1787216
283380 1630802 647365 1804247 1219339 768209 374448 1888174 1343194 269637 1508489 1789160
169806 1069755 1028415 1070029 992978 312538 1157939 1475918 1628404 779921 626540 1709642
958814 726810 1988741 1160330 1378816 1220845 182146 1071002 1446924 1845072 1405581 1588000
1127073 1744056 721189 1823300 1484990 756679 1017952 1196133 1288161 736361 965254 1507152
236073 109308 1961755 1251712 565765 1387348 384908 1469350 1359683 1518155 979977 140524
1380646 1420280 228944 1620823 971842 1766522 165414 1208794 1782494 1077705 796901 1658480
285146 1445637 1168974 405638 176164 1237823 1004249 1970676 664399 950175 1363223 1895252
243335 622450 873792 1556495 305878 1509443 1558049 1012256 1271343 1173903 1280141 524754
252681 378336 572080 198525 1062118 1746880 283616 1436977 1161209 1835835 365276 1158860
1481632 1779649 438914 682333 1622539 299571 686489 63468 1921044 1469946 1937892 91021 250683
424142 158410 1973068 1362074 1094195 1902537 1837151 950058 1236508 1789160 397593 254361 626540
1013977 606176 816352 563803 166659 1407758 1550008 757276 1994633 1225448 366777 1994450 927997
1685845 1906773 723578 696338 1897740 500160 1907847 745616 129570 739755 540558 891311 1106602
1737103 1231888 973251 1766186 941161 1598958 1002310 1587176 1377452 612923 703400 1297766 879515
1951698 1421937 718041 1343349 1379082 1805016 1963216 1613018 1680215 965413 1283041 230085 1847511
1030172 1448571 1396556 1942999 1818268 1307163 1208965 417047 594141 1869092 1102148 171182 653859
462082 1901440 643937 1185313 1195690 1421067 980833 584971 1739453 30075 1477493 643353 1940346
448771 917355 86164 1671908 993789 115114 476987 964981 1759849 963907 1781258 416901 415642
621218 1495495 1155932 615452 1083220 879515 1546027 998594 774816 773781 1736467 1565030 891311
1582740 1666916 110952 950144 203775 1102913 770718 1413207 213815 1696182 909022 1455380 180097
335941 423860 1722587 704043 1475612 1849695 1186318 1507152 328800 652519 1853487 477064 1675517
1810140 1676297 1914987 1137844 1277391 704043 1077726 1341933 1615710 27046 1027835 1978883 30075
215091 250735 101505 1012227 1309485 1506902 1398871 1469947 1460942 1206954 1922425 398201 1522495 5874
68986 1944288 1799752 446655 188911 1373597 255523 1263651 1346663 28138 1460394 345709 960164 1656652
33728 1515757 265047 1423031 729812 100122 1429569 1374424 1181877 1331648 1566832 770718 983956 846154
992562 380163 425347 440682 1912897 1812174 831386 82561 1678115 799516 423137 1775737 937726 277604
1380762 274701 1174745 904633 1804592 788578 150753 1471610 1589702 1583651 921528 1926749 1489935 1132096
1747646 774709 284574 811244 427690 150220 649753 627122 992560 1727722 692540 517524 1719102 429169
1281751 185111 196478 805224 1905816 1112176 345 836504 148884 1851744 570447 1296687 1106602 1202189
1873326 899187 1653858 1982440 596501 1304590 1649804 1872560 114430 1621510 1038069 370242 180097 198172
347816 695782 1526846 1730945 757417 88268 1503455 1148341 426443 794140 718983 466535 1500971 166536
1670338 1089581 365655 1284597 266220 1317401 838300 1243438 693088 701479 1127005 1853388 931685 537376
517144 78869 910474 281212 372757 710578 685102 1456265 925542 1085691 1203626 1489935 50722 348409
637596 930639 826422 294816 845845 208732 805121 1190686 485435 1043031 1314740 1078666 219055 1589702
1128262 1927365 1372777 909748 1172938 460781 429169 200283 744333 793727 1900097 893435 1429170 1164636
76619 1283606 1822045 1219312 867861 260832 979977 744333 1529622 590143 1336048 50722 1683194 1252279
435869 1674750 887702 1926428 373174 1212465 655775 1588001 1130911 1232323 1167478 1366339 547319 1443549 912270
332791 763205 508440 615657 1042660 674792 1292175 632092 1086108 1336048 1119511 172663 1502232 1070597 1826999
1970661 1918738 58520 59868 1243609 1669339 1351966 521537 1072384 1891471 702819 1249917 1816033 48834 836177
1211376 1510655 896276 1951401 1183660 122168 352854 1736658 1006842 372757 1894886 156735 1104143 820295 219055
1855599 354980 989781 208390 799132 1890576 872026 547833 1914457 1937860 644597 1412077 365301 1402923 1558049
668455 154373 3526 466278 1435072 373448 1471961 1888007 1775637 734872 1787889 117175 149418 1994633 1853487
1760599 1695128 1717385 698022 632329 1299767 208022 1472600 723202 266685 597749 362410 88268 1595498 1941760
1201327 1892140 1823772 1076311 467204 1211119 1345781 1936553 1271343 467233 778653 1445742 266685 200567 1504447
1871366 952918 544631 1367165 28452 1345586 1717124 1456090 428900 439250 308715 1776357 541327 1146272 1148127
159471 259257 152415 788901 360306 762606 1691193 1461211 97610 641368 1828375 861223 790048 129570 835462
1060195 1376208 374909 1848275 17956 104664 1283305 750780 439922 400832 692540 993789 993682 849146 305878
157737 918066 243335 711384 1173862 1815918 835510 1182637 646203 44566 1955320 109826 1503247 1656652 1043987
1431951 1745739 1969363 1522485 716687 1776357 1442396 1786924 1367022 1209712 91264 1198288 835462 688599 893435
1380767 120880 288541 1757304 1993638 1558636 766681 928278 1014105 101168 1790229 507682 1648773 491324 315046
207708 1882496 265429 1841653 1495495 1156251 1469214 1264868 1413946 1675251 1594870 1914047 1343194 171182 622450
586496 1065230 1259365 1076308 1724043 1123879 87127 1293358 1497421 672786 691874 1757191 707441 536915 207708 796901
1695834 1336724 1441646 1822713 893946 865543 906743 1924607 1694492 740151 863346 1611669 1810140 306275 1428851 1914421
1872901 44673 1301035 1677864 948058 1280143 1834811 1700885 521839 1443893 1960408 1921032 1449835 964660 76270 937726
669800 1706074 1523309 603110 1788494 102449 733381 361803 1041199 1351444 1888296 1169442 491239 1077705 1277391 467233
965156 623749 197278 1833679 1035841 1831810 1640308 1702436 421900 1615232 917859 1540135 1570949 1500971 1630237 221915
1249463 966094 1554389 586722 1307269 1503024 924314 909022 384937 984788 513903 369740 653859 732879 1466342 1128262
1399912 714979 935629 192277 1870627 1586876 482474 1758950 273650 1106340 1443731 1171758 1727445 57506 1806129 585219
80581 37518 642307 1421385 611228 579725 446820 1196198 1290289 1050046 1879961 1546938 1080351 1110712 158305 1757304
1229991 294551 1551711 1943146 1475786 1768144 353928 332146 1105434 1440894 176739 628492 105951 41178 740826 1777581
1732201 1868867 686945 1490536 1452501 1272567 1849788 1536391 47383 623568 735061 311110 33066 972204 1704686 1208036
1322396 701054 1188327 1996540 219129 479120 3179 675036 383755 317197 1566331 110987 342322 325559 556626 335941
388336 1932718 1837064 539268 1824020 1250793 1025082 1900086 181474 293823 510512 1104902 1593997 1681435 412448 1475786
28138 1777053 1924898 277604 1296687 365276 1591888 1396287 1766186 451105 650737 610879 733390 1566331 805576 378920
1094953 1128061 815251 1975488 1765496 613462 198653 1351444 517144 1981053 936926 799516 1549816 1910665 1241636 926691
1050046 1529622 757238 977768 722044 1436977 657864 964729 1300942 1611735 486862 1548850 1264868 1940526 836177 1068804
722044 1088443 1138116 958951 1050463 125474 1382303 1525416 264391 934731 375525 556626 200283 1654724 1097273 1678115
334022 342873 1583136 1594231 713539 1532967 1287531 135189 1760512 1122176 1019199 1872304 152700 466369 445245 1164636 178630
1074482 1513579 576987 1209860 697350 1989253 1349718 1828947 1696810 393918 736761 3725 812181 412708 524554 186786 685102
1402963 1430177 383908 562339 1304684 1633175 626570 1541082 853807 66340 419714 975950 354114 1428845 1799302 172424 1828925
1324946 751016 111191 820844 1820246 608401 919596 1553427 1476506 1780246 1292342 1228053 1369236 740151 1993638 912270 498260
1739289 1299454 1344550 1980776 693839 1513320 468165 1726018 189488 250755 870296 1052628 1427564 1084580 1639177 940388 1998446
1674394 1380433 926467 1351528 1470330 1310549 634008 1243403 821798 1554623 327367 727409 106683 469309 750056 1068804 304579
525511 14284 480213 254708 717291 1451827 1619986 402330 1010862 283616 1293105 1899417 1266481 887879 1765496 272021 755461
960124 463828 1397274 960873 488641 1218215 1305219 361200 1734756 41178 426239 1759523 1402923 1469191 1360999 265429 163495
271239 1806493 1876942 259185 1177138 1068515 1139402 1607838 194586 813947 781154 1582192 1199987 1503247 457849 1970262 1246521
728016 947371 1787410 537797 1047993 484208 1284647 1350188 1693647 502477 886795 1034139 199773 1683630 1778853 530045 1300942
1500069 231259 938321 1452944 21395 1927983 1187608 766167 1894943 81162 605948 1684424 9462 1790302 1466751 294352 1980588
249514 1259453 904633 175307 1694991 1564636 239538 1589711 1847632 125553 629638 261302 1916826 1504016 305367 782185 802342
172267 113044 583740 500150 1521370 147920 820397 1804604 1753808 1556495 941176 1058184 1287434 1639177 1025643 269637 451105
459821 375592 430507 1049421 52026 1730893 1106340 1049113 203775 1141226 276716 1274500 1428017 1024013 378920 1124477 485723
861526 1742350 1680390 1199901 1591888 185565 1758271 172424 1381760 1396361 1214095 114430 486862 140624 1018080 1882496 100122
246657 1836759 1367022 1772365 1385465 1204883 163495 221915 1034232 1745739 1860013 1654724 1347048 315046 1940346 1594870 1146272
1953760 130202 958105 1623278 1955320 558104 1503786 1507722 11197 371539 46803 1061559 1132603 1540221 320861 368661 424082
1546837 342521 1619144 884287 148890 760062 1017091 1411531 637812 404449 1031436 619437 468362 960385 437773 449968 467933 1455380
952227 1636781 1239958 1952380 484305 497504 1481085 1209924 1557205 1338803 1814296 317827 95432 488197 1937675 301843 482860 1443549
1299193 621876 288704 70683 1060995 1183942 1915769 1251349 1182122 1441478 1976289 950801 1514507 1490311 1854502 1073672 1522485 516709
1177563 1240933 405189 1462055 417978 1053510 88545 506683 1109291 466535 628266 358528 1982298 1211323 1691494 508402 1998446 1242387
264277 1289803 726883 1322475 1527150 240606 1377164 1125880 1944128 1326237 1606114 1943402 1544158 157080 1161209 504284 320861 866565
596884 878209 888607 1670038 511962 1716797 1727870 1978883 107876 968020 437641 1114124 108652 1022335 1312822 280841 866565 585081
874723 1147340 481612 195779 1563638 1242765 1583202 229278 257505 465526 1793882 889244 136078 1078181 1401128 1270629 1445637 294352
315427 1904250 408990 1465988 504721 1620108 387234 957626 438337 259279 490720 721801 415642 573395 1775056 259257 5874 367157
11889 422108 1119596 1756859 534683 213530 1635991 231627 13766 156373 1268797 933489 1766493 1526341 983442 1379001 1525416 1546659
265421 20848 446348 1590398 1808845 1331966 864751 89315 1429575 22470 1805937 1636039 697844 1077375 669215 655381 1314740 993263
1297176 896757 1092567 1309129 1230135 335922 1658213 217275 461317 328814 452775 435835 500150 1289068 1318460 1550955 188618 1361250
529808 87536 449968 1167648 1499420 204253 768228 1357943 1820064 1705392 1761429 9912 1137383 985014 87017 380839 485723 1703139
1242387 1288809 621311 1623278 1715435 1260059 297208 1402192 930591 1518155 60626 1473332 1006871 1113004 782155 1162780 691710 1905946
116518 678499 253034 709281 146799 153708 87532 1766522 1558663 1901125 1296783 1914047 1201385 629700 805576 968183 319907 1363223
1152208 995485 1582740 766369 1676297 1173325 670598 516293 334904 102816 296402 719520 1466751 679218 1337152 1652292 1920483 1308696
1131263 416744 157737 806829 982392 471373 1648773 1584937 726014 1865643 1090928 1621062 1905624 1070597 1666692 757417 176164 342674
1252279 1156251 330682 548833 435517 837017 1205501 838677 1137844 9462 1031730 1787572 1681435 185618 1199901 403279 1050125 793727
76270 1079982 1849695 1420034 477064 960164 1883927 1139734 364601 627122 75775 268877 1186318 728349 977768 1741894 1034232 188618
380883 668650 211586 1372309 1307179 322564 1162514 142391 709885 759912 755341 565050 168382 1851744 675666 1784462 1071002 716687 766369
260884 671472 1457542 1336292 1987284 591754 465754 1357308 1292678 1829900 329755 858924 199547 1598952 1067276 1167533 1919533 378336 1630237
484684 862867 91992 1959866 1848317 793592 1774193 1460845 191177 873461 546609 1978465 157364 1838120 1730278 207038 1566312 1516099 1653907
1540266 1588558 1251037 309183 435858 423048 1147472 1229026 1649599 1532338 807891 1892327 561018 1399004 768874 934824 1940526 1445206 405512
1114085 1578329 1578039 1193461 625659 1812585 633285 14973 662505 1771892 1309805 1381461 89373 189375 288663 60554 766681 1707776 539268
789597 1123173 1029554 1313531 1812362 830619 1265844 1623304 1160398 1815406 502216 333016 1308911 577951 935861 1267618 1172938 1781521 158305
249279 1536008 62702 1066559 591816 908451 483815 1066112 1482614 481440 1860777 415940 1048290 1345666 1525368 842723 84410 844889 798187
1524312 1756058 1430679 1139063 1075056 10404 1389282 787605 1174140 901610 781221 1016287 18947 1988264 161571 461577 1833744 601994 1385465
1873343 867945 1918867 1100977 1445299 1562899 1349214 89004 1835316 311173 1901884 1357973 1087095 29889 1531013 591527 206525 1757191 1466342
1448540 415107 1173558 111753 1947008 664021 1532549 777228 1227755 672468 787803 1004198 561322 27848 1857578 1460855 1686468 36470 1000107
1217647 1832801 1483531 169941 1775445 1892228 1191505 1472599 130241 1169471 1976568 1378118 1718353 709313 931685 265960 1611735 637596 928278
600869 1906107 1056662 599801 130674 1500306 800886 1584086 521846 1794128 1266402 1210964 756551 576614 973365 1615269 174967 1788596 1504016
22408 1751524 1518894 1758693 1883927 1368409 106134 908183 1816877 735751 575634 1402674 70139 977552 1806460 208960 979116 889244 844889
1179705 326348 1799680 982358 810274 1911969 1190045 1377452 1317401 618285 1111986 45028 1525303 1237290 1740306 305785 1021886 982392 375725
377966 160279 762606 362410 896610 1108049 699518 581263 908311 1546659 841324 1225448 1157927 971842 252232 457867 1652158 354075 689524
1920483 684329 1079006 227363 417605 1266746 1888007 524754 1847511 325581 627756 796266 1089581 371539 1965359 1132096 1067126 839491 21974
1709469 1628404 695509 295073 971375 822472 1099084 1525368 393918 1728894 466624 1080351 873001 437921 1691494 849181 1777053 812310 819344
83397 665093 1396353 1876954 1703139 198525 289363 18947 1006987 1653907 45028 537376 1686468 913663 375725 536405 1797710 1077726 1925758
1900097 1273097 1520466 1704414 233977 36470 647882 1359683 964729 1809042 480036 1317696 585838 1938281 1582192 1682724 820295 1516099 1079006
511504 605297 169631 361317 332682 545193 241420 495663 884391 926059 1005497 1140685 1283610 1965782 1329635 1124903 1495083 661963 647882 1052940
731519 721398 61662 1362992 1937307 457984 760015 1658017 620997 974499 411 852884 414640 1550056 1438498 517434 260832 1006987 1675517 1205501
1602509 597709 915475 1181819 109739 734692 686437 1005491 133950 1934657 454414 743650 1004415 1363502 1366133 1785846 753646 756611 1255635 816228
1355804 1824687 1297343 1571859 1060175 1304738 1348844 837987 530016 1470688 1380886 1632578 1875918 1399112 1391862 438229 1158860 557091 1495138 1496579
1359783 372896 1716500 1252643 1079664 835794 1925678 1841327 2073 718920 862565 1483437 207485 661696 440130 1675401 1502232 1806129 1521370 1724035
1243374 86160 1394516 773464 704722 293178 529175 1693534 1577503 1847800 1251680 407623 928481 1951073 304678 668830 268386 996196 1781258 327163
1449485 811476 26736 1529455 113846 149849 1438253 30857 1527558 1147544 645960 736361 12110 1482019 1743416 1754634 1739453 102816 1308248 1797710
253228 59326 667902 1041454 909242 402469 1276060 1786793 1155822 251898 1923423 860845 1558663 426816 1799336 949196 58614 52458 1097273 1405226
641480 1794756 478935 233166 646407 433790 827807 708815 273836 1953348 262487 594632 1498832 444084 1421756 642987 1061227 951701 1652292 383263
494508 1391454 1682762 724486 916859 169533 838872 1616407 1863180 1857700 236982 1131748 1427527 717659 797681 173401 1132603 806401 195915 1241636
1065098 431031 123888 453050 1521463 1760783 642280 614442 186740 1973389 1793555 875811 1595393 1685245 1171758 1372299 972204 1750384 1704414 839553
1335205 1865400 399026 1127493 984058 94443 327073 705863 1542622 219996 1914217 135597 614652 1136497 1290154 995545 1835264 711384 1550955 246657
1320956 1191709 1016917 275444 1429170 1284416 907414 1979570 383203 1568400 41267 1722455 100993 404268 1933825 415940 1278077 1169772 1956805 83397
551084 1502822 905496 1119559 611714 1537352 1613970 1468299 801349 785639 1779538 1021956 993790 152078 1243162 1155130 909668 1413207 1382303 1722587
1662874 1399927 840837 264391 1294915 1813903 752060 239882 1141273 1303086 123763 1243403 1993531 944458 529917 13782 1426526 1116202 1361250 1994450
960385 1101768 1590959 869979 1046710 1024320 1685467 79499 1808243 1753777 389929 332806 929757 265960 1862853 867372 1453811 260639 1806695 570036
1823701 295332 1430703 478606 496891 311880 1211721 1396361 1746880 1198836 1919160 516709 1588764 986329 1111937 1236032 1776811 1470405 1578706 309895
1613018 535715 689524 482770 1407758 1099084 231458 355559 1955305 691710 10266 1396353 1454144 807512 67172 1266007 252681 177405 1371122 1012256
755461 1615710 364601 1162780 111375 1584937 1771030 1016912 746408 1220306 212320 393787 232419 166536 1139734 1405181 1822045 1905624 1621510 327476
508970 1274500 1001515 992569 1561037 421548 579402 869522 1790229 43806 1031730 653006 1062296 1306229 1715435 1050463 739755 1741432 1497949 52026
