25 625 10
1372700
1181684 1218056
632634 550151
97485 710538 486113
1111640 762340 402402
1236458 669776 575573
196980 1362308 1895449 1307395
1917735 1198551 209511 1898261
1110649 482700 1175439 1626672
1961714 557762 1475181 1743885
1879757 379300 1465304 169569 526725
998459 954259 1359479 982068 1057397
1303375 1591484 1161873 980132 1316159
239242 1691890 661103 843697 597641
44249 1097639 1297026 1672282 1221945
546493 7649 1110096 1270820 3425 1940530
264113 232136 1553844 678562 1967795 936533
1179205 1042164 970540 1636821 1475181 1839770
1215024 611396 1348000 218465 1320861 782241
1910208 871081 1215024 1729410 918017 146367
765776 396021 1440482 61255 1819465 105633
564070 651316 257802 111761 1302467 654595 725050
793328 1037426 1771714 597641 1309784 1726469 1284458
970851 1616461 632729 577088 559515 989424 532617
963264 1079492 1940336 1254719 1179205 1976212 1393652
1654294 1847577 78076 1320259 1854214 284841 1159192
485893 389785 512151 754684 1277861 1071475 1640317
596539 1152766 988216 110628 454560 732076 1878216
1500507 1692760 310592 1630926 1640317 1259461 584251 1164481
1514810 1585890 1020114 957882 1349200 1204431 649906 257593
1026658 380429 1386611 1883021 1626672 1037426 1002174 311167
1007393 1609851 1177287 1352486 733048 1031270 622865 579540
567364 999094 1984929 505768 345138 1430804 48609 1674366
91786 448708 1475096 1554866 1168452 1438359 144100 1152456
409037 729661 434805 431333 187886 1383554 1463712 894160
225140 1752841 1153728 881935 1612458 713196 1853243 846686
400478 743336 1314389 1142092 843697 1549406 1120455 1495105 1060089
1978689 1426403 22173 762649 285118 1447316 621558 1415603 1363328
431029 58138 914007 1608563 1663593 1449355 1388518 846298 542651
427515 928938 446781 676269 1164724 1370692 1064179 1118759 354025
1225785 793037 16934 470232 1559194 1935154 1552803 1576378 1377795
1185253 1507972 1961219 1627974 393409 1564538 1013369 1771437 607210
1877101 1483563 218141 1502815 1077113 1171846 575727 1161537 1704413
216855 128371 1359219 594377 602795 178968 572612 19564 1419043
1244737 1719448 1759913 1416123 626636 679156 788249 1863832 1134342
1434061 677999 1475857 570701 1292273 1198551 755795 354907 304591 761939
1183713 1111521 1820184 1037072 352567 1098814 1219450 1734578 1630064 1271178
1537985 753673 496824 196783 901121 556481 1366130 1935972 1480924 1842684
1766533 180630 677164 1872936 241123 1859556 758507 1535604 1221945 1130407
509056 618054 1591026 460282 1695414 1094611 1868297 1821439 1065525 1066130
1721073 1739427 1048380 826501 273962 748305 1705631 36119 345087 58552
36717 734028 1268668 497786 953932 1388875 1466215 1924148 1270820 254486
216762 141459 1310886 1422817 344814 206599 222940 162541 60513 177039
717803 1308627 874593 290699 1666235 881960 57956 1516542 1390838 1409551
1381089 645786 614513 224136 1743344 1463712 762649 307464 1497403 553153
1890415 211830 1537481 649288 692819 48645 822060 1996260 1436620 1333010 1725906
1863653 1982206 1365054 357248 986097 1808606 1650592 23989 1286814 865897 998504
215589 317581 572738 1070402 536736 486388 505768 1572736 530393 1674366 1193319
429653 1732279 199653 1678445 1900765 1659729 10450 889417 1350666 825706 754684
941943 583719 198202 226311 924953 208941 953932 595906 741101 342807 943415
1684173 787040 699741 832248 216831 82534 1444577 1618313 1519929 1893496 1210957
433774 551578 908106 116487 316106 357350 1895220 1251510 793217 699068 1464704
79260 1998041 1490154 137140 1611748 177039 1863552 1721743 1998041 1604388 1609827
353906 426374 1806389 1806389 217939 1725906 1292540 418958 735688 1609851 1052174
974215 758507 378275 714066 128035 596539 472284 614513 822284 212994 1855073
1691890 1145112 733048 47965 21616 294696 128371 954259 889417 1556932 1505464
79899 623093 676696 1154149 520066 1682620 1283882 1793930 1155585 58160 592917 823419
1389859 427173 1046200 1325059 85478 1288726 1119527 112580 1062182 1278572 460161 1161476
1880557 1060414 1396706 962134 132327 361452 1941633 468902 459888 1685935 920811 1649581
1521291 993517 1561314 1142201 1979870 36963 172935 323251 1408945 427597 470232 594377
1594271 592327 552427 1793703 913797 382471 264113 457167 1265470 446738 294019 698490
756276 463676 770440 1174376 1093150 1580987 622870 803915 1011361 1537456 1421783 506337
1280639 1255352 1918535 1831533 532932 199838 954081 1361374 848896 424636 1090428 645704
172770 106564 1194972 1508308 1685935 609062 400140 1889203 816774 1464551 1297026 1185037
112580 1325748 107638 76157 1737513 1726198 1035430 1747862 660604 424650 402402 1907345
759093 1483090 330569 1349200 547250 1047598 722309 652928 689463 697098 1148224 647
938866 1530508 1475363 1588763 53184 47119 1721850 1171846 46436 168720 1422817 1052162
79387 1370447 1688278 158972 1902653 177094 196980 1282213 1192348 1951962 1192951 720599
517029 1224491 371508 1095956 76666 1628399 1348812 15858 1946057 824148 703689 1598929 759580
1786127 1137377 1125233 312040 1745801 1410853 481976 1775945 1120455 1672106 1631772 1106675 1342719
585430 502472 88307 117691 1090511 1172424 724941 989429 1523865 1380682 395163 1284342 470301
755968 692724 627008 1046606 1388451 1527862 1916819 734822 1955051 69021 871636 372977 204164
575386 273160 63464 1250027 338441 980584 1788704 222921 570358 1349250 1255234 612784 563354
1240906 446596 455031 547706 1044401 1908195 750031 110765 1524767 200559 698498 1359978 733151
67912 1750512 30198 1102157 1270143 1045604 468701 1486103 1806722 131998 1376562 36713 1557018
904703 461879 44000 517790 1475363 504632 72986 771603 1129160 1185743 1157410 226051 683451
47119 241230 764708 243463 290224 936201 1192340 637531 1742492 111803 1510229 25413 239242
1847705 1551507 1315260 681881 1491875 540658 1973299 1532549 1432498 854033 686517 1195616 1659766
1390838 546491 1865250 1521291 1850606 1572711 29037 353520 1973299 1721904 1204841 12202 1650530
22704 1664465 1985125 702086 1909186 579766 262704 1464551 1222168 1961742 957882 1823719 1277861
191836 354835 1259388 592917 456711 344814 414282 473079 596750 1162170 1360791 36713 1348000
1971647 775899 1545129 175854 1273438 1660952 95497 371084 933513 1976080 5747 54321 1649715 1676313
965318 814275 1394842 1885710 1867980 1694315 582000 342504 607010 1829091 645704 1959705 1059080 330821
576152 867483 131254 1721241 1336279 1696003 100696 1167083 105862 706447 942857 266800 1311812 368306
598182 246677 298794 1762527 1915120 1101672 1507460 1001005 1924854 1950686 1985294 394921 641658 1429327
1372478 1158554 1354604 877299 1066331 1727602 1615984 236827 873436 172855 1371349 321314 1964018 1084563
1450500 1630948 970832 892248 1188214 1737960 1149142 1453745 736079 1025527 793936 1619310 254486 460161
1320690 1048199 524179 286750 1259461 1806937 121257 1058446 1492399 1720985 1294054 793328 440103 1346416
1027459 613567 85765 1734301 1368201 854076 661622 742726 1363525 540658 612716 996338 115671 274682
1631772 1261754 1532879 1935062 1498999 562322 1030052 1174376 328122 637611 978478 1196196 456711 82973
460282 1586492 1398610 1046026 1851477 1136340 1367747 1139842 190030 55548 1574018 1050094 1671412 1336748
1479995 720599 780760 1155462 1181684 1587271 526725 268883 1704413 543343 1236458 558449 93149 790594
226051 1475779 782220 1578325 1423639 1398375 567364 1860125 926912 1220126 1649715 1596995 1037348 1963493
1624932 1530038 1320259 1357840 1914693 785671 708648 1192951 1307395 1197146 1514051 228378 1557000 662865
599766 1664465 610731 923819 352567 1038004 1466215 1376562 1925404 1250087 1782585 402780 1771437 607010
1274489 639951 1844364 628860 1324882 1858473 1125115 567540 1833319 1855013 1256535 307668 1370609 1397298 888539
431499 423344 1327534 1947040 372442 1235766 560185 547706 1781202 1549949 1586923 1529777 1915486 600596 906410
1709138 31265 1013167 615944 1951346 1774482 1545103 837599 1794597 418859 1996272 690821 723132 82973 951590
1949845 657319 630977 628460 1191237 1977595 94957 5079 175215 1067249 1459596 1440482 146937 251280 1168393
1294054 1861529 643028 886645 1366038 1246808 935348 97740 200817 1186010 1123456 559515 722882 164505 1371349
620494 1165558 563469 19606 580333 190925 1719554 1511191 1125654 514465 1243583 195200 1427493 34703 1193521
907962 208994 325907 1271659 512415 623684 242420 1985057 1966340 838310 1010554 1808160 1913716 1169127 618172
1616696 637531 1367742 719125 1629061 1457554 110350 1259631 1168970 759580 779011 261422 1121624 368306 1808160
394335 1174669 1930633 383661 1270391 626211 1842005 575386 1631124 612989 813949 482095 1155523 414282 1604388
1554866 1771930 1573024 1049570 1373710 758183 898952 1784528 104766 643403 1464414 1223479 1957936 883086 1771335
487723 1449355 735688 1044291 961884 1174399 1336764 82710 424022 1010554 1362571 1090287 674882 1944566 680638
1614579 1619741 49336 944547 1862227 1362505 1494606 109253 729126 1362571 394335 1589994 840313 1437727 1977604
1785980 1914944 1270892 998459 440103 1956939 1854214 159839 1385968 1829824 1305085 46436 1292764 857537 810117
762213 417166 1276710 1858757 723132 1648331 242187 1919905 1955440 557762 214557 1381089 601790 1961714 520208
1701033 1495822 470370 1796045 1094215 1187534 1511995 169569 714490 1733083 1094611 1927912 330397 509056 417166
765565 141320 64268 98420 1115379 257259 980542 291581 1373016 883362 825881 114948 97485 1111640 1778171 216491
1532119 1281534 1930723 472023 1359102 399227 746920 1698524 1748240 1354183 1820486 1151621 1982272 699467 332300 1986304
947106 1529129 468735 1209616 856667 1466592 1269849 1629640 1136246 304095 1530030 842849 1482135 1633834 672071 434805
1582790 84083 14356 149920 1144124 1284848 1644081 311332 1969559 896704 1416854 109253 437650 368277 1987554 250352
1222801 820803 141379 411512 368901 153645 133841 1883418 1220550 1586076 1395586 111803 998504 111761 583582 127107
831440 650062 44011 93587 124221 1966855 1390604 77619 663988 1872710 1424556 359846 1279422 342504 698490 1030410
847001 328719 264605 1565835 1281495 548419 182830 550873 283205 669651 1464076 1790796 1050055 980132 1385968 1910681
867087 51199 1465054 621147 1431357 631138 1846943 229156 463610 1874914 1105138 1423129 607516 702284 1164481 84636
29037 1273488 384398 85563 220857 1021763 691338 119428 924749 1511694 1515274 1030965 111294 1623700 1195717 1397298
1803853 1816469 1619845 760463 322306 635839 787116 1842555 735966 538804 1392899 236677 673565 758183 1519929 699068
797997 1388606 140410 571122 1611748 385187 727698 1251377 790594 915511 980584 1163348 156558 741486 58552 357999
633311 1693409 500512 264503 51591 1257843 1552758 811315 1985294 1356400 1701118 1215413 110235 757179 148148 1940878
1989177 1818169 1323781 691503 192943 1047598 759003 1970890 1661224 1219233 1505106 468097 1899355 713538 1715842 1614579
31102 409767 1200043 1057515 187886 629132 641658 609107 1825437 1683936 1383554 1469248 366315 1715842 357999 1168580
1286814 1114996 199953 424307 687961 1287264 659254 912844 208827 1310667 1416123 275282 1296679 647 216491 1415603
6256 634362 1011932 64031 1777421 284306 1061366 634805 214557 1570722 904777 76157 299818 893337 872409 528708
1991852 726311 804816 71302 65886 1759372 161382 817209 1808987 543620 140178 752823 1316861 679156 587152 1486882 1062182
344941 105630 1909986 1075133 1103129 1285799 1352335 576037 982459 927443 750968 1252217 1182625 516443 951590 1578883 1656213
1783887 1814863 189391 1413031 638292 908861 1951962 1723564 330009 1459805 1485507 106564 118924 1350228 1387453 1956939 197513
1069664 969907 1211368 1151955 797595 818348 1663829 932714 1256447 1399751 1882442 867920 385187 473858 1599737 1690522 652682
1231934 134636 452242 1304410 1571638 890600 1175177 187802 48613 786946 714066 1270143 173941 788981 1557000 1590959 515552
139159 396723 1283738 58661 1232224 1186992 897717 640737 2461 741312 908459 1163757 1300505 1305121 1842115 1535604 964273
1184043 88020 1620875 850465 510034 821074 601093 1879520 1307891 1690659 1731570 1488571 324590 1511995 1238858 1370447 1835224
1980580 1520034 1113223 752097 756420 1313934 1129194 1373864 1193972 1031043 1775339 1419738 1322582 1837896 64739 287897 1432527
1311812 1207696 327672 692643 1883396 1254965 300443 1387944 1180965 560944 1149162 293033 1502427 1050443 850722 751959 1585055
1194603 522187 768644 317924 1216640 1570423 1656391 1429954 362773 211323 195136 1189337 938128 585895 712320 1478525 821781
1668345 1545312 961841 1437089 76298 1551507 1729208 1154650 1672106 506028 706027 1945992 1714285 133394 377298 1777042 272645
1802280 96345 182810 95158 205859 1557346 172312 364117 232136 127107 1286303 727911 415706 1131993 1947227 768542 22704
736527 480043 461251 1544440 594069 802736 1540712 1015637 1855073 1801156 1111810 143878 1591983 817443 345087 356070 1437727
1554846 1061366 1940530 982579 517944 1777100 1863832 1683936 1372478 64739 821440 871636 407469 1733083 1256293 1992728 2773
60513 1674913 1569745 765771 1650166 1357840 963294 1748671 146726 222940 567867 1148224 223872 908678 502832 1279434 1564538
297884 1451403 1407158 1839770 513226 1091675 200582 872409 466047 1438806 76828 1077108 470370 1057397 1898261 1523484 994258
1249132 207620 1195717 1554846 3425 1772893 254355 1686059 1730259 865897 1303460 1494876 1530508 1481630 1908090 1091199 1118409
946302 530365 522362 94163 1785493 446126 910607 1435313 661636 146593 77478 146822 1619893 1557571 487467 503499 713196 513226
1024028 159983 1002419 748915 1418641 1984680 13069 501227 424022 110133 1365399 1182534 1784731 278423 658485 96398 1641580 1722076
654665 85601 283191 1777816 637847 336592 1096030 1323986 736168 1895322 1477195 992510 1038387 1692482 710798 565751 1813706 388438
1387349 1103315 1239322 1441944 539027 57837 1618452 220329 106209 1287578 1384449 1495514 634362 1469913 278285 1036400 1274609 1405604
1222371 1092943 30460 1074013 1333725 537795 1147114 988340 1347930 1069427 517918 1932646 1776845 1882132 1977431 713474 3183 654595
708294 1651450 120209 932681 380423 452313 99976 1963503 274796 1834731 1754981 970385 1395586 698498 607210 370565 1583177 850481
761531 1653911 832808 748501 241890 1256522 1960132 1757931 1593818 1654679 1317993 1898449 1916819 1725987 347134 883086 1734578 124506
959070 1037014 984437 918216 782788 1036481 263032 1089916 226129 972838 1184565 345520 397423 703293 1862347 372792 100974 1727602
703689 911946 606913 1645415 1598063 787977 62861 1155057 89172 1358027 1474552 1636058 107213 1158833 1113270 1570064 1219690 368650
1395667 1983555 3216 563739 220631 6744 1841904 1168420 463022 1654970 716731 1436472 1459746 1591836 1049208 596750 1406435 1091675
944418 445056 379012 1637419 1309784 1170420 1402276 848952 618110 1104784 1823154 1839348 543469 1369412 1109373 164505 44230 1240513
799914 571658 1305195 1616950 427915 580942 1224991 881457 1470994 1908798 273627 1657048 1253155 1066130 1193017 1352875 1429327 1511718
1709143 1339312 6563 1390261 1168580 468427 87658 1893292 232517 321149 597889 279688 76298 373198 1395234 461879 200375 1318593
1155844 972134 718432 1710789 564858 863907 1443894 1084672 1893730 867363 928456 1700304 517918 726476 1264248 41382 888374 838310
1242323 1787542 839392 1544234 1359479 597136 1609827 1388606 259251 816774 1391322 536332 784430 339820 1981479 795975 861563 754111
1825864 84312 1418994 472227 1676011 1976212 468097 1242323 928938 1907791 1222168 797997 466047 1357176 364117 1734322 1153823 672071
1318185 1886547 11051 79387 724941 160845 728116 906410 821301 33330 2773 153361 146937 24259 1815912 1052365 982459 1931977
587674 713508 278497 205517 44230 580521 724237 1688864 1702801 982068 876771 1359113 1316211 111715 1320861 1486882 1421783 1596496
1960858 221218 792449 1208515 1894934 867773 875475 1775819 1169676 216922 778852 627227 569570 1759913 348843 281947 1899332 520208 1399339
788698 1189424 1322575 146815 484335 1062393 473388 931336 1851949 617454 744207 1846473 82209 322493 1037072 1968575 1844211 1473908 323605
1040952 261069 1302668 696507 654086 1147370 1707796 1991091 1568553 1141693 576774 738562 1206488 265843 1155951 1158203 915511 1316434 877640
396223 1389429 366123 1424280 1432864 249919 788205 1342601 225189 755656 1592069 315033 709022 376187 149955 1151925 1871600 770478 137140
996599 1161486 1988956 331492 1708748 837620 1575145 421212 1312046 290229 324590 1070537 1037998 1511722 610731 1496297 1571023 1688864 1149625
809222 1258199 440031 261388 244429 1283714 1635032 1877685 383541 499826 455004 546337 678562 755968 16850 1110972 636634 1094215 57956
1616073 923775 1651998 463286 1958570 896303 1815493 1447176 1001577 155753 1788592 1384613 343870 1323340 1742833 1752841 1709514 1443933 228378
1246788 1634208 332141 672345 1306927 697844 1162105 1781989 254355 633167 393092 80790 1550113 1626914 1011650 853285 1215218 1482672 1712520
653432 445977 737855 1260231 1344121 281993 1091085 240147 217288 723251 1774118 160305 137874 798299 823795 893337 935696 402780 517944
1364017 1639778 775151 1439473 153917 1805436 655395 155776 1907712 859413 1755671 1450126 21446 1672804 762397 577088 139759 1777421 153645
731998 323701 65513 239466 84178 550151 1603004 1619372 324069 1868588 232348 1422251 1097564 1163701 624968 580551 166498 532617 302970
104188 1387324 228031 1789133 552102 836168 853281 770572 1953754 747182 1969809 1288033 19032 1904156 876059 733767 1923164 572478 1529324
1693319 1775459 1721980 1895220 429653 1057129 491326 1627963 1884234 1116429 108627 1107062 1868297 97805 1048763 1483090 938866 1128570 226853
1150821 842263 262579 1683797 1017926 1863915 537031 1253370 382164 687945 1276660 1563849 1712520 1192348 346634 1472894 1291237 1648981 426460
82512 728510 1269356 1058974 1388875 1281495 614181 1569745 809775 1703919 772443 778770 808612 201742 690537 451235 1479995 443814 1542901
832248 1684522 130782 81195 86787 1356400 92435 284306 1913716 1046077 294650 1745801 1502391 105633 1537456 680638 1561736 1862392 730947
427515 336198 1038387 54487 468427 1545488 1044291 1118759 1688392 24952 1366130 1391322 693146 1956984 48609 1313828 700288 558344 1871600
297884 1556932 1672744 1450994 1415579 1362793 661687 1917735 260746 1245091 1962895 1619093 1255234 1591695 129517 44249 1686038 1572711 1151925
1956999 1011361 956435 1169127 289412 76828 1318070 737059 1714277 1815912 182487 1999160 612716 1438577 1516542 1899355 615254 1002174 168720
368883 1243340 1944260 329103 150584 1484238 828318 108788 16620 495284 1295762 1245255 1552686 1919401 894819 618110 87966 963264 1258290 1719669
1513437 801876 12227 759596 497970 561747 556765 378188 1528595 279777 1327004 1166286 1911074 476147 1411000 1277859 1828581 1842684 424650 655700
1508064 1695420 1249804 562111 1469434 519373 425220 1412339 505502 1605797 1945394 550849 1973447 1397635 904864 813433 1438577 728116 403112 34950
91993 297133 1347791 1756986 1960841 1498157 461423 819757 488804 735860 368352 1416280 680536 401249 864141 1406435 1334035 1584626 1981933 1868085
1696921 1910760 1451336 676037 1211351 1302112 88973 1541773 653937 1775285 1432 1875671 405981 779904 1914693 1921869 1519834 932422 41816 1686038
1406652 98328 189874 1316860 188606 217999 1086322 1375087 1393064 711408 589536 705635 887145 449555 303135 262737 1934657 1771790 662865 129517
407373 1947327 1985573 1211170 1290991 1923230 1627479 319101 114657 749104 459209 1006500 1915222 1986192 337017 1342375 1386283 1583010 1511718 1961742
1940201 1679092 1610155 272130 583658 604692 758254 588059 201617 1241782 1034416 1383529 1376178 1888358 160501 217416 1100394 1378939 1282213 620458
1893454 809593 165936 1966131 621251 1737447 414857 324145 732746 1605091 1477283 1804726 480904 1277993 1011026 1919662 1695274 974215 761939 33447
1212039 1604298 735596 1904415 615249 651461 1584813 495216 1947585 453872 658157 43369 1822683 372882 1901656 278205 656680 354485 557589 1729410
1494074 39362 358955 897858 1225114 1698524 1093811 517439 1972911 424655 974909 1992003 422071 649821 1633624 431796 791479 1370931 431973 275282
785576 898695 747100 1560138 388668 1018244 591316 420501 1108603 1047419 1229293 1835512 1162888 1903261 1604275 1277547 1187791 10450 280644 1050094
1180457 1578196 941876 1140722 47965 110328 1380844 1081408 1197906 866415 849530 1810485 1728421 1906552 204316 931325 1084563 1851691 294696 413033
404563 1458652 1772705 1723778 1212664 39678 621627 1372805 1019557 1743055 1092322 714198 1590959 1443933 462662 664921 614851 1055497 790230 191550
99027 1166847 67597 1040693 1157410 772443 1146515 1588070 1786281 1557018 230737 1905271 1890077 1327732 135087 1310972 1740163 113298 988216 281947
1513324 617584 1630378 1905237 655742 791653 509970 290699 119428 1751864 1606461 767585 839392 1308627 85478 1350228 1028913 1441683 330397 190449
1734322 1201877 567867 285118 1136340 1743718 338345 189530 65332 103878 1636039 225140 248303 1426936 611396 700620 535924 303844 868292 1545488
153361 419757 1726788 1940336 342807 234218 151225 1174370 706411 1432 1523484 869211 1349011 105774 1749231 200301 1269404 92435 1586923 1446852
1241945 110628 272645 1249132 190449 1107237 659890 996910 1494876 21616 956435 429778 618172 45001 713782 289412 1794372 1336083 1149861 1964018
537031 757173 1850606 1194603 1134954 638967 419846 803688 372977 1079492 1747862 1380682 429778 494494 1136786 1824143 1189010 1748671 1631406 235331
1990593 1018363 263204 921106 369703 1291580 1796661 1740543 967897 438763 539886 518186 874318 995402 602415 666075 1257308 1782585 424636 396317 1627806
281335 1674793 945173 734502 1262526 1235534 1460385 485907 1292513 123202 1866626 571093 535698 1808199 78177 1881128 361677 1671412 1032149 1030410 1149861
394967 671030 785662 1680779 1139211 1395526 432308 1536340 18054 135237 1517412 1526915 66680 87644 1909784 1022330 878856 316106 1929645 1435157 989424
1835416 1274361 1772389 1716677 1934799 1331594 673831 79884 533424 1883813 640895 1185691 927515 1445860 1773798 346634 206599 1282939 1772893 1505464 996910
19142 1671017 823496 343360 401483 1842204 1485554 806803 1349836 1490639 571548 1981258 739934 1657417 299818 1784011 1766328 6329 1763712 724237 1950491
1754740 1372522 1085268 1031008 570296 1118926 670272 1598780 1172512 1345922 1796099 1484850 1336748 674705 432184 1347002 129513 1016485 1941633 231391 824148
234408 47364 898011 809607 379117 1543271 718373 1301201 1544990 156088 882294 13105 1428258 156356 171590 1863349 114087 1642706 1465352 851990 868292
830901 1164749 1943507 471582 789293 204202 210740 1694608 803688 1407713 960547 1091240 1176433 140232 459221 10768 978322 1241285 403408 1517946 733767
1730102 1315354 1776696 1369462 280350 157438 1406981 233730 1797863 1355624 1105675 197001 1437513 591338 917995 1634197 1306958 876771 1080427 726104 1552301
1879973 1623596 1257202 852021 310006 676615 905506 320610 1368527 673280 624442 1492019 1491661 766344 485680 1219690 734822 1956136 469240 1212384 1310972
953786 1783809 848252 885768 1371187 1771335 1133556 674826 611230 707787 1905863 1104833 22219 531674 889212 1021006 1224421 1446852 1841756 13000 558344
1046066 1254507 1210874 1826710 1733109 845444 1134176 1130917 1544691 1949315 1117305 1507808 300574 351967 481049 576494 443931 757173 1882501 1302467 857537
117003 710907 1116084 65771 1823369 604775 1065260 776452 545481 1335388 1905037 889077 1325137 1784991 105031 955728 366829 1885889 200582 654933 1962895
1168885 336856 51012 235906 923365 636611 1154465 987749 1659357 907041 1181510 806048 1819465 512415 1244816 1212766 950005 1456356 1579234 1122559 1395234
1975628 730353 316553 1028410 1204348 1350211 1919461 613434 1386687 975615 812431 1220832 1890462 1846800 1967290 964142 1118409 1160925 1637230 58160 406957
1591983 51601 689457 625809 669996 1311018 1278572 1393652 124506 75231 826501 1554147 1825437 575727 1649581 1498618 1503233 456960 1128570 257593 378275
984111 1556722 436517 77236 1078907 842849 488847 80283 837044 361381 248450 207725 43004 121355 44042 366613 791872 1423484 721512 1570722 682334
1706784 97760 193887 1765420 1596496 446104 31102 240569 413040 1390261 1388518 226560 1242500 868635 1717383 802736 775885 890573 915421 1210957 198541
437650 855207 242187 1863552 901094 903055 318170 1110649 1802280 137888 1641580 938562 230737 233400 1292764 1417766 802398 33330 1690522 492527 1228264
963294 1931977 1902514 208941 1167955 84636 388438 1744061 1878216 1688278 1781004 1316159 1280242 1152456 1512859 54395 737059 563354 1052162 182487 1362647
1077108 1244816 785671 492527 182962 1706784 1169374 1825864 572612 1315405 1992728 1813706 821440 795975 1748240 1525061 583582 888374 851990 1781004 409037
107631 12058 1568347 1039255 815808 1788879 1691282 299311 1999668 325709 1712364 1510588 1649659 1601950 1101666 1469248 1500441 1241285 128035 484419 1291356 867920
805491 1684464 434096 201611 931409 1264003 88553 1993729 1652758 1607193 1675542 191915 1963959 1990466 28852 567135 691384 1511875 1890453 1856037 788249 291231
940939 1353572 686502 1610513 1053458 1917237 175494 281924 1155504 982030 1198987 410417 864533 1208699 1412292 448067 1647563 514398 788994 423365 1734301 86704
136423 88680 1163247 80243 1902233 1930995 221068 1518681 385622 274336 1698277 1445439 625124 1793040 464988 1090287 457589 1138754 976083 1956136 1249718 1127114
472438 1919981 1123361 1126055 1640922 427985 1157827 263416 469873 1832002 1052060 934819 387248 1002360 930014 1371968 1347867 1977782 1323393 498380 235331 135198
1276678 942371 1948002 150262 1329696 1542944 1481080 1936980 483517 1093796 1707434 935398 940267 665501 1441661 1337217 1342268 1980270 1714277 248303 565751 1630064
580345 1476843 652143 1197778 1307729 167962 290415 131489 615418 1222978 581808 929603 1575762 509844 948200 1959621 1194406 1611384 1992240 332088 25234 87966
556090 1459555 1578928 822904 501899 1835343 1918524 502542 1447440 690560 622248 332449 1171602 623251 102889 1977152 1296263 1945943 735849 1905650 1636821 1498618
1213399 1698177 631309 172176 1120816 970521 228687 866357 1763692 111195 698866 1518331 169499 705643 1537147 483234 1082112 1225767 418958 1788234 1193319 690821
1679425 1406703 941482 1772293 1773761 855006 147269 1018311 54980 1501810 1703255 609880 1224314 813597 212522 218465 1962056 1058080 633065 1709514 528708 1104294
1960670 1883599 1214929 249891 1045585 1948764 755772 1703549 272832 962398 76 1746319 1172126 434866 1729800 571715 188716 1474203 884239 1488139 454560 976024
516833 178802 487222 401830 1296484 1447677 793272 67055 534696 241788 763080 759026 484698 1021460 711570 373851 407861 46901 1067135 1440939 1244737 1202133
1318487 925765 24312 366809 494796 635324 1014240 603522 1457714 735604 1568221 785583 1556400 1974947 414645 673272 191836 1849226 1264760 1239132 1346416 320803
598497 1366352 675612 415109 1860138 431278 1736703 1105745 217305 1840907 125426 17862 134740 1750627 403112 1410750 965930 1063992 1294855 1500275 1395667 80859
1564793 35092 908266 600949 1567761 1490182 1155740 1823911 1902703 1965917 934561 50287 39453 188892 755629 1482998 1823719 999618 54282 1744061 1899332 1955440
1862347 956502 1090947 135477 569284 718305 639321 51694 1679422 1518304 106405 1643535 1423655 774296 288450 1501839 574907 574968 1129160 1983143 732076 719125
1347855 414286 80775 613567 986097 557589 273503 123145 412363 117609 682334 1886829 1934081 1944334 654917 28562 743291 1744229 998450 189530 366315 597136
759003 269487 373031 927612 489930 600656 1307861 1310821 633777 343870 575146 199613 176792 1418867 1104901 593770 695793 671214 1840580 1482672 1372700 762213
810117 992693 1606708 757179 1413088 940267 842309 224136 782241 1552301 1391228 470301 201617 1805968 1511875 1662061 933424 1370931 1722076 473424 1397844 1951838
212559 237249 26109 532932 584729 192943 1189576 1348094 82534 45001 1364992 23989 1249718 382471 733741 872083 1524016 1363525 656680 1280242 1853243 580551
423365 137888 182962 1427493 369249 64031 1202788 733151 1612458 614679 498380 645786 1220126 26109 302970 416754 430619 1488139 1796045 332088 291231 357248
11051 1064179 1876107 1364017 1609306 864541 1491010 517790 432758 1276710 661687 400939 1997766 1495105 1699869 671019 178968 199725 1624932 273627 1415579 555809
1846002 525256 584210 321311 961593 523493 306262 238029 182151 235826 1645432 305226 1325572 459287 1041640 76178 485357 118924 1123456 25857 1220288 1696073 637030
515145 1985588 1994432 350270 924307 912016 881723 939934 178500 1352894 221543 716234 655280 1728363 127234 1188932 945528 1223951 445038 617410 53355 587674 1587271
224739 1404557 1797420 1058934 1594348 42942 1281886 878930 1835194 113239 256342 386042 1579243 1393906 74872 1223849 418804 1663803 1327226 706447 920811 172047 612784
533068 1758382 879420 965072 1372717 255631 938615 1373072 152632 108931 1109893 758337 484465 283690 796772 1766533 780481 58483 715063 1631406 424307 747531 428165
640051 855276 551406 754112 1640574 518240 1971363 1969757 625299 1098439 1059210 1704069 578835 1128257 360106 419478 1074183 1267494 1560527 172935 6329 459414 327556
1072628 854603 1929300 259230 136607 619960 1222928 1995047 1544448 1868496 1715190 1446946 1701118 529019 574467 769073 1935858 437290 1544440 713538 1553844 943415 1441683
506901 897452 1235952 479837 942988 1489064 1434821 1808165 229152 1144975 1308104 1621917 1569900 1450267 927575 1871831 1496758 1308996 1564193 46901 1967795 53355 768542
38089 1161488 66707 467573 1144009 1873140 57393 423401 745720 759447 408279 1194262 1667868 149779 492950 1539997 319029 1737278 161237 1306644 1642391 1036400 676280
1325980 970829 1896037 412107 1768911 665905 695206 1862259 574751 1276499 1174600 527977 146417 1303406 529356 1938440 1640042 972586 925758 853683 643140 1997766 166332
1648052 826461 653246 426601 1383892 1411923 1436289 642398 1900226 1347882 543035 582172 1396701 592489 1945024 1043547 307464 977580 793815 902002 5747 1908090 653488
1059633 753104 1152769 1851644 65166 680003 400079 1742552 1169265 74563 645910 1964914 918333 269268 1896294 1106678 1963604 1256293 739507 250352 1389328 1672282 12202
672404 123116 1746256 648147 1652120 1151545 453543 72620 461122 1116528 199187 1789266 1921027 1182692 1628434 1387781 1625169 200301 1463335 581802 1974212 1120654 398200
1557840 68759 1447404 975560 577086 1337586 1619176 1737721 1824585 1389902 1082046 1523982 1121243 1936954 625704 1211012 616440 1408090 1696073 198024 659254 109931 890573
1876642 1310343 427637 1395973 184797 1231641 332415 454014 573912 174332 1930583 1236224 1176716 1911339 1303375 1593376 1824948 291721 1057209 749283 1962048 354485 1654294
440326 1262433 84224 1639556 235216 1367476 1271518 1170256 990629 805898 1115903 1610439 98904 1982001 913856 1453330 487723 212201 532766 1517063 144100 638967 1316434
877640 1531439 1743675 954354 740053 1232164 695676 197513 1194591 1833058 1699869 854371 1466292 1011769 608118 1948182 1689376 1669613 251280 1251337 378209 940996 579766
1743087 747142 1015270 1201234 216855 412661 1384622 1428954 468231 1609421 1368201 342276 633632 1631679 987322 1841661 986357 777179 52270 1029986 1037348 489930 1109373
811315 249936 779064 836292 1803853 1749019 238262 1424305 1826 167418 1200043 232003 1968906 46430 678622 1133960 1985369 821781 1358507 377298 585895 923819 1386283
209511 1956891 222473 1893496 635512 542186 849163 280935 263066 94957 1362647 788981 10928 265903 693146 282453 636681 868590 861563 975615 1519643 1443794 457719
1018195 897281 1835224 633311 1804635 321314 1603479 1184925 1174399 1679422 619711 722882 1145112 1204841 172838 408872 1352875 1007393 643140 1927912 1065525 1420848 212413
1867980 1913689 278205 747531 599766 550493 678566 708648 415868 1203254 453347 1932224 965521 1254719 1960105 528488 1950491 442176 1573047 236642 652509 1259388 687961
792967 473079 594184 400140 1377795 903055 934096 1303460 1719448 494494 394921 280618 473424 257043 1680576 694322 759093 1842115 36119 1085300 1999160 1278908 987086
1648981 1264248 34703 1902514 1606708 13000 1245091 1502391 629352 1820486 793936 676269 25234 407469 1430804 999482 257597 846298 1752975 1760336 37904 1627974 717803
845289 1010214 404523 458586 516980 1612890 313641 504358 1839155 1254425 1912901 1181131 216550 1224117 1229641 1256580 877200 412661 554394 315718 1391538 1728421 1616879 294019
1158534 1538445 1372345 1022567 264945 774452 749110 237792 1914070 99938 868884 441627 379053 990733 519804 933177 1577495 1899988 539233 272593 1250087 1137213 976024 1002277
1427116 134487 831142 769868 1852345 1575470 1586951 445200 470377 1547575 653657 1997291 201916 134025 1955130 1924723 945535 875008 1654695 1461250 509421 21201 1956999 431973
797124 139611 469370 163457 324086 1232358 608629 1607746 151876 1491558 1646050 1613287 1683171 1346660 959488 1555108 1769662 1269203 340684 61722 139759 1858757 565628 512151
90601 752996 1415822 844641 1144145 771344 370806 1473109 236993 1754054 353369 635194 1925943 1272207 841176 718829 172308 530095 891968 1349643 926912 955705 185531 1435157
312907 1129779 1872307 401962 1015948 915317 202571 1030449 775186 1309424 460086 1319580 1517063 543201 1403539 1223331 1581263 61855 1633834 1444918 609107 792967 274682 459414
871042 1844354 1449588 1717712 1547696 910087 1097489 727640 439150 1914018 1205367 242256 1584011 1887926 1962385 1309303 58696 966045 1869629 1133185 206253 1944566 1647171 572478
1461339 1278675 1290759 1636330 875058 1638769 1517666 84099 251660 942598 50463 966153 877349 79712 169835 408190 1332569 656138 1415058 1619691 844430 217543 1837106 1287264
1831075 730411 990094 179054 176387 852844 1044148 1488694 1005552 112122 1711199 318443 1428417 303885 1962323 257761 1766925 632634 1504109 1913841 515552 1966952 1401299 543343
1514170 830432 564686 1351927 313222 994538 795567 894010 164093 368204 679421 1703341 956074 1309378 494050 197391 1001483 1408752 1941666 130821 143414 231391 1399339 925212
1716183 1903761 1306269 846437 1926900 1249506 631465 46012 1860735 1979910 1271166 1716063 1901047 211373 1370477 1177563 142753 652362 1727519 1264760 259192 1022066 1860125 470565
1524631 1443223 1902172 1214033 1460334 1150929 1702118 591250 1079286 121626 819423 1132762 1417101 551154 1756426 1508552 1861031 729126 433654 1371595 975869 1387780 480626 819687
1647537 203127 368963 139962 254664 1530540 7135 1307149 1150255 1982062 305622 718900 191552 1606428 1673251 579141 1364723 40777 419846 629879 1940878 741200 904777 1071475
1842156 222744 1806495 1903078 1765628 1580599 838262 522027 1824039 655033 1674693 1640808 87300 231184 1115635 489425 650309 1613515 6924 1111804 522553 572924 1127114 365651
1142288 541560 1065835 1127436 1815270 595072 1705168 1149854 1470799 1050733 1469459 960519 37187 1169049 1872560 1118850 1177287 1714463 1481314 721658 1932224 477634 1552803 585668
1451403 1924160 1850381 107122 354517 1276682 377370 5079 1901484 496819 484886 726240 1184399 1845178 1162132 1401960 504470 1827683 655700 1283850 574497 3183 634805 739738
484588 1576306 893477 721159 1585055 1194591 867055 1580745 1689593 1314249 1378939 1445235 1943977 186687 174633 574338 1425503 1366771 19241 1985125 1743718 536332 1721904 1006562
449555 1314731 985758 585615 1619741 1014725 1626457 71651 1915149 1650166 1333010 977129 550360 1456637 351159 1390323 1007888 1147436 1982132 1470221 311167 532689 1246977 1847705
671214 311844 545578 1022066 1494864 1964097 1981958 338889 1627224 323605 1537685 323251 744039 1650846 762340 1959951 167912 965198 1318593 431333 97859 1462808 1187534 1576378
1479516 1525464 1029986 1373583 638282 200559 1787081 1684576 636805 1406097 828522 99226 418859 1482135 886441 375381 1965917 356070 425332 1185743 432758 1474203 1213538 1777042
205517 898113 80859 652682 199953 1050877 1133185 135198 1999102 452190 1141379 503499 1584724 1185037 270208 1254950 1721850 669414 1246808 296782 295883 484265 1701033 1296679
1452806 940996 1084779 1559704 1545103 72986 1145959 1763469 821301 1795771 509421 1910681 1158203 106405 1080427 811362 472284 1292273 1638418 1524016 1241945 1348374 517234 1318185
1363328 658485 1271178 653488 204164 1656213 365651 1438359 970655 34950 226853 932422 1868085 1935154 257597 713508 1316211 1409551 1640893 1091340 857862 887145 850481 817443
1544316 1300505 1907791 254191 1423590 366572 954081 1919905 6256 751959 287897 1647171 725171 1439111 206253 601790 1336083 1616879 338345 1959155 1046026 1618313 1107237 200375
204294 958360 811010 232303 1957899 763816 165532 1571457 512279 563738 37702 1727510 1789836 1247381 863272 1168497 70011 77236 1751517 1996172 179894 354025 1279434 1544316 430619
875501 1074323 87824 1221724 253984 1002078 15758 1774083 872208 212098 1669270 1119357 1830584 1836938 1664561 531093 1724178 200324 243742 499622 1962056 1937153 143414 1232447 33550
1347743 1137458 501364 1523570 123860 818358 813340 618516 728239 1034721 1528995 1655007 362914 694205 921153 445357 512095 723231 699252 865251 1225785 1507919 961884 1443894 1258290
1531630 691735 895525 757406 1580677 1910864 639653 1136704 1690178 1411039 748053 30812 1360983 1901460 426778 1089127 1385104 31292 1259772 242143 1202788 1508308 358231 1419043 1910208
1561564 278211 1912872 1142988 1434624 1792361 729465 781655 1715689 1801758 138770 284654 489675 1272765 1989224 1076036 87800 467457 595600 338333 1450994 190818 203467 1052174 1636039
1556741 392870 928029 1796392 1718355 1227747 1199434 1164726 1670140 971480 1709894 1435223 1475779 491277 31196 1472878 1305565 1039822 1606461 595057 1594271 1423590 1859308 999482 1977431
1031354 61106 1907494 1632664 1809653 916462 114495 1564302 1776954 1186505 74206 1885104 841217 344188 436770 1581537 770167 113927 336427 558449 100696 1078907 1319402 451235 584251
266848 1441258 651369 798811 1869640 1024039 1018533 141310 1810734 53597 920588 1879843 1564694 559341 1585393 43616 515907 1085545 1412701 794794 1464704 726476 1321913 1570064 369249
944968 1110878 1957288 1487529 110909 458049 1997597 1654333 580486 951691 1432505 1390306 1943616 1187738 371941 1137459 705811 690484 1968477 638955 463610 1253987 1307485 1763469 1720985
679011 848812 153520 1928423 548911 1935096 985926 1694925 1040905 1515564 119832 264849 617212 9369 1338753 1603601 1387307 880763 1766629 139510 217543 725050 1420848 366572 160845
378677 885081 981557 1309523 1345745 1350197 1326893 1265486 1623028 1878829 1619448 535503 1878152 380857 1962214 285999 89762 1134342 564291 254191 999156 151225 174947 1896365 1193972
948629 142405 957786 1300524 1783706 1524166 1515482 1850760 1896491 1466778 794913 820069 606323 1840882 1017187 1627006 1530535 546491 908017 1150307 1631355 735672 1109522 406957 1862392
847810 557119 1733454 530697 312965 704083 646675 943242 609390 895442 1282478 4815 1408139 1480052 13042 483756 7737 1332580 780760 1176085 666075 525118 731313 146367 691503
325861 1215577 1389987 1336023 1318790 237772 1976832 318408 1362788 1937857 1210098 1911592 352044 617990 1974238 503071 529778 1491935 1526038 165196 274923 748305 967825 730947 1025624
94570 1608652 20069 1092928 1579935 657029 1739688 589681 137918 4480 65093 1638357 815056 1755977 492812 223221 1001005 1814673 417433 1463314 1586481 482498 678566 637030 332300
1659766 1449313 90564 1069261 1186867 246589 786051 941943 1984668 144112 1451173 313531 610521 6459 1500477 1486506 26079 1301207 1286303 1683894 695662 51694 1513324 580956 284841
849693 989192 1172095 473301 1700729 1155462 847999 1470999 1614240 198383 624690 360130 1317488 781377 1196220 1915391 1203619 1865584 1042491 1225767 1170420 1573047 1223538 1217123 262704
509970 1152451 1632674 867448 366829 619896 1041335 463272 266450 1767245 1077113 1162068 931405 398490 1623078 1952882 1672922 873250 1288336 1573826 1050055 198541 819687 177094 1981933
1910462 1391182 1012434 1195616 547047 332802 1715558 1074065 1060637 353244 1915844 1345936 1253469 1219055 1507460 1626157 915381 1254269 459006 1352486 1451881 1212228 918017 1193521 697262
1863404 519701 61255 1667973 16461 54487 1648582 1445952 1636413 615964 383186 691926 1269849 1557571 401713 26716 1370609 572924 1564957 575146 972586 146546 1494640 353906 1085300
1588763 1456943 1284342 1438806 1609306 1379392 1166456 844430 511329 127537 1013978 855059 243493 1374392 316076 427745 141459 401039 1509020 1191827 1703155 1426914 1422761 1357176 1703919
70802 579540 1247517 669503 938562 925212 1761217 1642391 864541 594069 1542901 713782 1743885 266800 1766523 442320 409767 1795771 1253537 1111733 532689 852590 1664825 1925404 912844
1473908 690240 1517850 248450 1608090 1740163 1131993 167418 1678891 1090428 1661224 505458 622865 81190 1280022 881960 294650 226129 1949524 1095482 282852 681881 732226 1168970 1669223
1676313 1104294 368650 1963493 1240513 652362 722309 199725 881935 400939 457719 1781202 886995 353255 585668 1334035 1743344 1686059 1865250 1234370 1730259 1169374 1159192 1189010 257043
217980 462662 1478525 1310667 1274609 1328097 221455 735213 1775945 53184 1680576 1509273 1305121 131998 1279422 1391228 1246977 1428047 602795 280618 661103 874593 1549406 769414 1212384
